{
  "timestamp": "2023-06-21 14:17",
  "azimuth": 270.4505055631729,
  "elevation": 73.1383049885416,
  "heliostats": [
    {
      "position": [
        -7.800000000000001,
        6.0,
        0.0
      ],
      "normal": [
        0.2338298088504542,
        -0.27936856514608144,
        0.9312769863478748
      ],
      "normal_reference": [
        0.22431755524841024,
        -0.32051724807660936,
        0.9202990427533725
      ],
      "transform": [
        [
          0.9722775429335803,
          0.0,
          0.2338298088504542,
          -7.800000000000001
        ],
        [
          0.06718729509048883,
          0.9578303984456973,
          -0.2793685651460814,
          6.0
        ],
        [
          -0.2239692989797118,
          0.28733417446129994,
          0.9312769863478747,
          0.0
        ]
      ],
      "transform_reference": [
        [
          0.9745161026927038,
          0.0,
          0.22431755524841024,
          -7.800000000000001
        ],
        [
          0.07377779115689467,
          0.9443651471848201,
          -0.3205172480766093,
          6.0
        ],
        [
          -0.21183768107830395,
          0.3288988731853502,
          0.9202990427533725,
          0.0
        ]
      ]
    },
    {
      "position": [
        -5.2,
        6.0,
        0.0
      ],
      "normal": [
        0.16162821477779288,
        -0.2846616614169282,
        0.9449042590162762
      ],
      "normal_reference": [
        0.15633977749653113,
        -0.32596868513061933,
        0.9323638186279808
      ],
      "transform": [
        [
          0.9868517214798501,
          0.0,
          0.16162821477779288,
          -5.2
        ],
        [
          0.04662235992404667,
          0.9574936522371659,
          -0.2846616614169282,
          6.0
        ],
        [
          -0.15475798967216198,
          0.2884543394118612,
          0.9449042590162761,
          0.0
        ]
      ],
      "transform_reference": [
        [
          0.9877033329762207,
          0.0,
          0.15633977749653113,
          -5.2
        ],
        [
          0.05159633465100878,
          0.9439715221153635,
          -0.32596868513061933,
          6.0
        ],
        [
          -0.14758029773057774,
          0.3300269162283642,
          0.9323638186279808,
          0.0
        ]
      ]
    },
    {
      "position": [
        -2.6,
        6.0,
        0.0
      ],
      "normal": [
        0.08320119397425318,
        -0.2876301819442059,
        0.9541207679093888
      ],
      "normal_reference": [
        0.08091059221537804,
        -0.32968538610850545,
        0.9406173622966155
      ],
      "transform": [
        [
          0.996532769818062,
          0.0,
          0.08320119397425318,
          -2.6
        ],
        [
          0.024014438145530077,
          0.9574404342805339,
          -0.2876301819442059,
          6.0
        ],
        [
          -0.07966018729136791,
          0.28863093182246163,
          0.9541207679093887,
          0.0
        ]
      ],
      "transform_reference": [
        [
          0.9967213633043875,
          0.0,
          0.08091059221537804,
          -2.6
        ],
        [
          0.026762785284705982,
          0.9437114492843087,
          -0.3296853861085055,
          6.0
        ],
        [
          -0.07635625224202612,
          0.3307698603103215,
          0.9406173622966155,
          0.0
        ]
      ]
    },
    {
      "position": [
        0.0,
        6.0,
        0.0
      ],
      "normal": [
        0.001140342666307036,
        -0.2885709473289479,
        0.9574578361349794
      ],
      "normal_reference": [
        0.0011414018341038975,
        -0.33102987367776227,
        0.943619584331916
      ],
      "transform": [
        [
          0.9999993498090903,
          0.0,
          0.001140342666307036,
          0.0
        ],
        [
          0.00032906997745414765,
          0.9574584586657656,
          -0.2885709473289479,
          6.0
        ],
        [
          -0.001091830731633144,
          0.28857113495527664,
          0.9574578361349794,
          0.0
        ]
      ],
      "transform_reference": [
        [
          0.9999993486007144,
          0.0,
          0.0011414018341038975,
          0.0
        ],
        [
          0.00037783835108261136,
          0.9436201990054395,
          -0.33102987367776227,
          6.0
        ],
        [
          -0.0010770498258422933,
          0.33103008931052597,
          0.943619584331916,
          0.0
        ]
      ]
    },
    {
      "position": [
        2.6,
        6.0,
        0.0
      ],
      "normal": [
        -0.08092820160936134,
        -0.2876842032225184,
        0.9542999661534624
      ],
      "normal_reference": [
        -0.07863509067797032,
        -0.32974562052204176,
        0.9407892156379138
      ],
      "transform": [
        [
          0.9967199336745878,
          0.0,
          -0.08092820160936134,
          2.6
        ],
        [
          -0.023358382241226005,
          0.9574404342805339,
          -0.2876842032225184,
          6.0
        ],
        [
          0.07748393249440953,
          0.28863093182246163,
          0.9542999661534624,
          0.0
        ]
      ],
      "transform_reference": [
        [
          0.9969034669987197,
          0.0,
          -0.07863509067797032,
          2.6
        ],
        [
          -0.02601011795904171,
          0.9437114492843087,
          -0.3297456205220417,
          6.0
        ],
        [
          0.07420883538831041,
          0.3307698603103215,
          0.9407892156379137,
          0.0
        ]
      ]
    },
    {
      "position": [
        5.2,
        6.0,
        0.0
      ],
      "normal": [
        -0.15937709719560458,
        -0.284767251963382,
        0.9452547556604656
      ],
      "normal_reference": [
        -0.15408474095767255,
        -0.32608561475617037,
        0.9326982708534939
      ],
      "transform": [
        [
          0.9872177778431175,
          0.0,
          -0.15937709719560458,
          5.2
        ],
        [
          -0.045973015288938116,
          0.9574936522371659,
          -0.28476725196338204,
          6.0
        ],
        [
          0.1526025588767772,
          0.2884543394118612,
          0.9452547556604656,
          0.0
        ]
      ],
      "transform_reference": [
        [
          0.9880576362763495,
          0.0,
          -0.15408474095767255,
          5.2
        ],
        [
          -0.050852111896107,
          0.9439715221153635,
          -0.32608561475617037,
          6.0
        ],
        [
          0.14545160745656566,
          0.3300269162283642,
          0.9326982708534938,
          0.0
        ]
      ]
    },
    {
      "position": [
        7.800000000000001,
        6.0,
        0.0
      ],
      "normal": [
        -0.23161173673398233,
        -0.2795210719838986,
        0.9317853689149882
      ],
      "normal_reference": [
        -0.22209255436236447,
        -0.32068481722717657,
        0.9207801829409518
      ],
      "transform": [
        [
          0.9728083076367453,
          0.0,
          -0.23161173673398233,
          7.800000000000001
        ],
        [
          -0.06654996717000676,
          0.9578303984456973,
          -0.2795210719838986,
          6.0
        ],
        [
          0.22184476208061024,
          0.2873341744613,
          0.9317853689149882,
          0.0
        ]
      ],
      "transform_reference": [
        [
          0.9750255880215658,
          0.0,
          -0.22209255436236447,
          7.800000000000001
        ],
        [
          -0.07304599087263783,
          0.9443651471848201,
          -0.32068481722717657,
          6.0
        ],
        [
          0.209736467789067,
          0.32889887318535027,
          0.9207801829409518,
          0.0
        ]
      ]
    },
    {
      "position": [
        -9.1,
        8.25,
        0.0
      ],
      "normal": [
        0.25441655680396597,
        -0.3379822589173426,
        0.9061126907185136
      ],
      "normal_reference": [
        0.24421915238657943,
        -0.37052360261456474,
        0.8961413200567782
      ],
      "transform": [
        [
          0.9670947293952202,
          0.0,
          0.25441655680396597,
          -9.1
        ],
        [
          0.0889140225470469,
          0.9369430555010446,
          -0.3379822589173426,
          8.25
        ],
        [
          -0.23837382610196295,
          0.34948206069606264,
          0.9061126907185135,
          0.0
        ]
      ],
      "transform_reference": [
        [
          0.9697200655898488,
          0.0,
          0.24421915238657943,
          -9.1
        ],
        [
          0.0933145176435112,
          0.9241237258627673,
          -0.3705236026145647,
          8.25
        ],
        [
          -0.2256887130305327,
          0.3820933646342436,
          0.8961413200567782,
          0.0
        ]
      ]
    },
    {
      "position": [
        -6.5,
        8.25,
        0.0
      ],
      "normal": [
        0.18831434027664617,
        -0.3473977197835166,
        0.9186144640355849
      ],
      "normal_reference": [
        0.18252489167178013,
        -0.3783811257542654,
        0.9074758330628645
      ],
      "transform": [
        [
          0.9821088072337869,
          0.0,
          0.18831434027664617,
          -6.5
        ],
        [
          0.0666117358207044,
          0.9353489728118409,
          -0.3473977197835166,
          8.25
        ],
        [
          -0.17613962474350048,
          0.35372630529808496,
          0.9186144640355849,
          0.0
        ]
      ],
      "transform_reference": [
        [
          0.983201232668168,
          0.0,
          0.18252489167178013,
          -6.5
        ],
        [
          0.07024398637247509,
          0.9229807723086317,
          -0.37838112575426536,
          8.25
        ],
        [
          -0.16846696548076898,
          0.38484606526319276,
          0.9074758330628644,
          0.0
        ]
      ]
    },
    {
      "position": [
        -3.9000000000000004,
        8.25,
        0.0
      ],
      "normal": [
        0.11626791637831473,
        -0.3540322131714846,
        0.9279778896385116
      ],
      "normal_reference": [
        0.11350437034288419,
        -0.38437425601749325,
        0.9161731218629282
      ],
      "transform": [
        [
          0.9932178872840769,
          0.0,
          0.11626791637831475,
          -3.9000000000000004
        ],
        [
          0.041443663352469094,
          0.9343145159981342,
          -0.35403221317148464,
          8.25
        ],
        [
          -0.1086308020171167,
          0.3564496951817638,
          0.9279778896385117,
          0.0
        ]
      ],
      "transform_reference": [
        [
          0.9935374969839162,
          0.0,
          0.11350437034288419,
          -3.9000000000000004
        ],
        [
          0.04391193894314228,
          0.9221324053134953,
          -0.38437425601749325,
          8.25
        ],
        [
          -0.10466605803787755,
          0.3868744332089518,
          0.9161731218629282,
          0.0
        ]
      ]
    },
    {
      "position": [
        -1.3,
        8.25,
        0.0
      ],
      "normal": [
        0.040026408399529825,
        -0.3574453945025454,
        0.9330759221947341
      ],
      "normal_reference": [
        0.03923988300222572,
        -0.3876573762827695,
        0.9209679637183538
      ],
      "transform": [
        [
          0.9991986222121376,
          0.0,
          0.04002640839952983,
          -1.3
        ],
        [
          0.014318730053104895,
          0.9338242682210535,
          -0.3574453945025455,
          8.25
        ],
        [
          -0.03737763153320797,
          0.3577320730398856,
          0.9330759221947342,
          0.0
        ]
      ],
      "transform_reference": [
        [
          0.9992298192017548,
          0.0,
          0.03923988300222572,
          -1.3
        ],
        [
          0.015223354825857417,
          0.9216778222792417,
          -0.3876573762827695,
          8.25
        ],
        [
          -0.03616652991198364,
          0.3879561726775264,
          0.9209679637183538,
          0.0
        ]
      ]
    },
    {
      "position": [
        1.3,
        8.25,
        0.0
      ],
      "normal": [
        -0.03774160396506806,
        -0.3574772003350621,
        0.933158948181257
      ],
      "normal_reference": [
        -0.0369484441136517,
        -0.3876912657716549,
        0.9210484758805871
      ],
      "transform": [
        [
          0.9992875318596465,
          0.0,
          -0.03774160396506806,
          1.3
        ],
        [
          -0.013501382226274164,
          0.9338242682210535,
          -0.3574772003350621,
          8.25
        ],
        [
          0.03524402570416849,
          0.35773207303988563,
          0.933158948181257,
          0.0
        ]
      ],
      "transform_reference": [
        [
          0.999317173112511,
          0.0,
          -0.0369484441136517,
          1.3
        ],
        [
          -0.014334376964721795,
          0.9216778222792417,
          -0.38769126577165486,
          8.25
        ],
        [
          0.034054561507276766,
          0.3879561726775264,
          0.9210484758805871,
          0.0
        ]
      ]
    },
    {
      "position": [
        3.9000000000000004,
        8.25,
        0.0
      ],
      "normal": [
        -0.11399680915840243,
        -0.35412604090480615,
        0.9282238278857047
      ],
      "normal_reference": [
        -0.11122606712203698,
        -0.3844739279522705,
        0.9164106943491638
      ],
      "transform": [
        [
          0.9934811158254105,
          0.0,
          -0.11399680915840243,
          3.9000000000000004
        ],
        [
          -0.040634127876206245,
          0.9343145159981342,
          -0.35412604090480615,
          8.25
        ],
        [
          0.10650887357416444,
          0.3564496951817638,
          0.9282238278857048,
          0.0
        ]
      ],
      "transform_reference": [
        [
          0.9937951307953587,
          0.0,
          -0.11122606712203699,
          3.9000000000000004
        ],
        [
          -0.04303052167589889,
          0.9221324053134953,
          -0.3844739279522705,
          8.25
        ],
        [
          0.10256516080880425,
          0.38687443320895176,
          0.9164106943491638,
          0.0
        ]
      ]
    },
    {
      "position": [
        6.5,
        8.25,
        0.0
      ],
      "normal": [
        -0.18606889396669124,
        -0.34754907668397395,
        0.919014693024072
      ],
      "normal_reference": [
        -0.1802706129984354,
        -0.37854115240395414,
        0.9078596268288698
      ],
      "transform": [
        [
          0.9825366999242381,
          0.0,
          -0.18606889396669127,
          6.5
        ],
        [
          -0.06581746239373884,
          0.9353489728118409,
          -0.347549076683974,
          8.25
        ],
        [
          0.17403934884398004,
          0.353726305298085,
          0.9190146930240721,
          0.0
        ]
      ],
      "transform_reference": [
        [
          0.9836170525611928,
          0.0,
          -0.1802706129984354,
          6.5
        ],
        [
          -0.06937643609503163,
          0.9229807723086317,
          -0.3785411524039541,
          8.25
        ],
        [
          0.16638630960984635,
          0.38484606526319276,
          0.9078596268288698,
          0.0
        ]
      ]
    },
    {
      "position": [
        9.1,
        8.25,
        0.0
      ],
      "normal": [
        -0.25220591042839746,
        -0.33818456066856056,
        0.9066550510918668
      ],
      "normal_reference": [
        -0.2419962747362579,
        -0.37073647174037905,
        0.8966561612654367
      ],
      "transform": [
        [
          0.9676735910135107,
          0.0,
          -0.2522059104283975,
          9.1
        ],
        [
          -0.08814144129624296,
          0.9369430555010446,
          -0.3381845606685606,
          8.25
        ],
        [
          0.23630257633220556,
          0.34948206069606264,
          0.906655051091867,
          0.0
        ]
      ],
      "transform_reference": [
        [
          0.9702771784463312,
          0.0,
          -0.2419962747362579,
          9.1
        ],
        [
          -0.09246517084292959,
          0.9241237258627673,
          -0.37073647174037905,
          8.25
        ],
        [
          0.2236344990541805,
          0.3820933646342436,
          0.8966561612654367,
          0.0
        ]
      ]
    },
    {
      "position": [
        -10.4,
        10.5,
        0.0
      ],
      "normal": [
        0.2698227950993359,
        -0.38417336909531286,
        0.8829532726723075
      ],
      "normal_reference": [
        0.2595318805726118,
        -0.41254103592454144,
        0.8731856026325387
      ],
      "transform": [
        [
          0.9629099954018453,
          0.0,
          0.26982279509933593,
          -10.4
        ],
        [
          0.10765152791748402,
          0.9169634512972629,
          -0.38417336909531286,
          10.5
        ],
        [
          -0.24741764143296127,
          0.3989712132284889,
          0.8829532726723076,
          0.0
        ]
      ],
      "transform_reference": [
        [
          0.9657345406303139,
          0.0,
          0.2595318805726118,
          -10.4
        ],
        [
          0.11086644037500094,
          0.9041673108871403,
          -0.4125410359245414,
          10.5
        ],
        [
          -0.23466024254682086,
          0.4271785035826562,
          0.8731856026325387,
          0.0
        ]
      ]
    },
    {
      "position": [
        -7.800000000000001,
        10.5,
        0.0
      ],
      "normal": [
        0.21007358965897435,
        -0.39551206538944184,
        0.894113691349803
      ],
      "normal_reference": [
        0.2035529903874816,
        -0.4222028446894868,
        0.8833521030939016
      ],
      "transform": [
        [
          0.9776855767207537,
          0.0,
          0.21007358965897435,
          -7.800000000000001
        ],
        [
          0.08498298564296629,
          0.9145206931953948,
          -0.39551206538944184,
          10.5
        ],
        [
          -0.19211664483697014,
          0.4045391226042479,
          0.894113691349803,
          0.0
        ]
      ],
      "transform_reference": [
        [
          0.9790639305501525,
          0.0,
          0.2035529903874816,
          -7.800000000000001
        ],
        [
          0.08777838597154222,
          0.9022414936658234,
          -0.4222028446894868,
          10.5
        ],
        [
          -0.1836539540873464,
          0.4312311295670385,
          0.8833521030939016,
          0.0
        ]
      ]
    },
    {
      "position": [
        -5.2,
        10.5,
        0.0
      ],
      "normal": [
        0.14430246113420314,
        -0.40441349294904894,
        0.9031204384971925
      ],
      "normal_reference": [
        0.14076902981168984,
        -0.43010940384506463,
        0.8917342546801253
      ],
      "transform": [
        [
          0.989533627377368,
          0.0,
          0.14430246113420317,
          -5.2
        ],
        [
          0.05897511790791539,
          0.912672812232564,
          -0.40441349294904905,
          10.5
        ],
        [
          -0.13170093301543348,
          0.4086910052980161,
          0.9031204384971926,
          0.0
        ]
      ],
      "transform_reference": [
        [
          0.9900424638599475,
          0.0,
          0.14076902981168984,
          -5.2
        ],
        [
          0.0611550369830591,
          0.9007030377297746,
          -0.43010940384506463,
          10.5
        ],
        [
          -0.12679109276966224,
          0.43443530913630424,
          0.8917342546801253,
          0.0
        ]
      ]
    },
    {
      "position": [
        -2.6,
        10.5,
        0.0
      ],
      "normal": [
        0.07397784277224662,
        -0.4100411999360288,
        0.9090618753054087
      ],
      "normal_reference": [
        0.07250857893804272,
        -0.4353544664771224,
        0.8973343827686565
      ],
      "transform": [
        [
          0.9972598852750294,
          0.0,
          0.07397784277224662,
          -2.6
        ],
        [
          0.030417310338964672,
          0.9115596533341989,
          -0.4100411999360288,
          10.5
        ],
        [
          -0.06743521671188099,
          0.41116784700805,
          0.9090618753054087,
          0.0
        ]
      ],
      "transform_reference": [
        [
          0.997367788722087,
          0.0,
          0.07250857893804272,
          -2.6
        ],
        [
          0.03165024382733691,
          0.8997025900730142,
          -0.43535446647712234,
          10.5
        ],
        [
          -0.06523615627307064,
          0.43650343574353423,
          0.8973343827686565,
          0.0
        ]
      ]
    },
    {
      "position": [
        0.0,
        10.5,
        0.0
      ],
      "normal": [
        0.0011500970304839024,
        -0.41197976085348814,
        0.9111922705576048
      ],
      "normal_reference": [
        0.0011547653222565213,
        -0.4372194478149408,
        0.899354113222066
      ],
      "transform": [
        [
          0.9999993386381916,
          0.0,
          0.0011500970304839024,
          0.0
        ],
        [
          0.0004738170129415415,
          0.9111928731857712,
          -0.41197976085348814,
          10.5
        ],
        [
          -0.0010479602176490506,
          0.411980033321348,
          0.9111922705576048,
          0.0
        ]
      ],
      "transform_reference": [
        [
          0.999999333258303,
          0.0,
          0.0011547653222565213,
          0.0
        ],
        [
          0.0005048861931815156,
          0.8993547128593535,
          -0.4372194478149408,
          10.5
        ],
        [
          -0.0010385436348179526,
          0.43721973932757174,
          0.8993541132220662,
          0.0
        ]
      ]
    },
    {
      "position": [
        2.6,
        10.5,
        0.0
      ],
      "normal": [
        -0.07168402439144526,
        -0.41011007297234,
        0.9092145669167804
      ],
      "normal_reference": [
        -0.07020522756966076,
        -0.43542639359216195,
        0.8974826359240694
      ],
      "transform": [
        [
          0.9974273911654155,
          0.0,
          -0.07168402439144528,
          2.6
        ],
        [
          -0.0294741659739031,
          0.9115596533341989,
          -0.41011007297234003,
          10.5
        ],
        [
          0.06534426442386611,
          0.41116784700805004,
          0.9092145669167805,
          0.0
        ]
      ],
      "transform_reference": [
        [
          0.9975325689028365,
          0.0,
          -0.07020522756966076,
          2.6
        ],
        [
          -0.030644823041313617,
          0.8997025900730142,
          -0.43542639359216195,
          10.5
        ],
        [
          0.06316382508108917,
          0.4365034357435343,
          0.8974826359240695,
          0.0
        ]
      ]
    },
    {
      "position": [
        5.2,
        10.5,
        0.0
      ],
      "normal": [
        -0.14202702267571496,
        -0.40454801499570225,
        0.90342084788481
      ],
      "normal_reference": [
        -0.13848324004233303,
        -0.4302494282083562,
        0.892024563425111
      ],
      "transform": [
        [
          0.9898627808084673,
          0.0,
          -0.14202702267571496,
          5.2
        ],
        [
          -0.058045166676822066,
          0.912672812232564,
          -0.40454801499570225,
          10.5
        ],
        [
          0.1296242021984629,
          0.40869100529801605,
          0.90342084788481,
          0.0
        ]
      ],
      "transform_reference": [
        [
          0.9903647773559889,
          0.0,
          -0.13848324004233306,
          5.2
        ],
        [
          -0.060162009197988,
          0.9007030377297746,
          -0.43024942820835627,
          10.5
        ],
        [
          0.12473227498079094,
          0.43443530913630435,
          0.892024563425111,
          0.0
        ]
      ]
    },
    {
      "position": [
        7.800000000000001,
        10.5,
        0.0
      ],
      "normal": [
        -0.20782649576611845,
        -0.3957062963144246,
        0.8945527791666048
      ],
      "normal_reference": [
        -0.2012936180793917,
        -0.4224042374228217,
        0.8837734661822295
      ],
      "transform": [
        [
          0.978165705623324,
          0.0,
          -0.20782649576611845,
          7.800000000000001
        ],
        [
          -0.084073948251141,
          0.9145206931953948,
          -0.3957062963144246,
          10.5
        ],
        [
          0.19006163097240042,
          0.40453912260424796,
          0.8945527791666048,
          0.0
        ]
      ],
      "transform_reference": [
        [
          0.9795309486282238,
          0.0,
          -0.2012936180793917,
          7.800000000000001
        ],
        [
          -0.08680407429901212,
          0.9022414936658234,
          -0.4224042374228217,
          10.5
        ],
        [
          0.18161545464134815,
          0.43123112956703846,
          0.8837734661822295,
          0.0
        ]
      ]
    },
    {
      "position": [
        10.4,
        10.5,
        0.0
      ],
      "normal": [
        -0.2676111060162606,
        -0.3844195395240087,
        0.8835190510503454
      ],
      "normal_reference": [
        -0.2573046164561082,
        -0.41279555045241556,
        0.8737243088509454
      ],
      "transform": [
        [
          0.963527008410638,
          0.0,
          -0.2676111060162606,
          10.4
        ],
        [
          -0.10676912764072526,
          0.9169634512972629,
          -0.38441953952400865,
          10.5
        ],
        [
          0.24538960337814802,
          0.3989712132284889,
          0.8835190510503454,
          0.0
        ]
      ],
      "transform_reference": [
        [
          0.9663303443183263,
          0.0,
          -0.2573046164561082,
          10.4
        ],
        [
          -0.10991500102262959,
          0.9041673108871403,
          -0.41279555045241556,
          10.5
        ],
        [
          0.23264642313996636,
          0.4271785035826562,
          0.8737243088509455,
          0.0
        ]
      ]
    },
    {
      "position": [
        -11.700000000000001,
        12.75,
        0.0
      ],
      "normal": [
        0.2800103841219023,
        -0.42382330588499967,
        0.8613756382511725
      ],
      "normal_reference": [
        0.27126136134242734,
        -0.4476115977072547,
        0.8520922082970903
      ],
      "transform": [
        [
          0.9599969712368392,
          0.0,
          0.2800103841219023,
          -11.700000000000001
        ],
        [
          0.12362010530905641,
          0.8972691206946152,
          -0.4238233058849997,
          12.75
        ],
        [
          -0.25124467114642074,
          0.44148400316196307,
          0.8613756382511726,
          0.0
        ]
      ],
      "transform_reference": [
        [
          0.962505726654472,
          0.0,
          0.27126136134242734,
          -11.700000000000001
        ],
        [
          0.126149619669034,
          0.8852853387780218,
          -0.4476115977072547,
          12.75
        ],
        [
          -0.24014370617341818,
          0.465048243674442,
          0.8520922082970903,
          0.0
        ]
      ]
    },
    {
      "position": [
        -9.1,
        12.75,
        0.0
      ],
      "normal": [
        0.22673472167727324,
        -0.43598348985117236,
        0.8709246595217763
      ],
      "normal_reference": [
        0.22031058445853363,
        -0.45848239689899184,
        0.8609629133181607
      ],
      "transform": [
        [
          0.9739565524118258,
          0.0,
          0.22673472167727324,
          -9.1
        ],
        [
          0.10149589833602067,
          0.8942130502280521,
          -0.4359834898511724,
          12.75
        ],
        [
          -0.20274914706364294,
          0.44764162094452653,
          0.8709246595217764,
          0.0
        ]
      ],
      "transform_reference": [
        [
          0.9754297752147714,
          0.0,
          0.22031058445853363,
          -9.1
        ],
        [
          0.1035528414154941,
          0.8826498177468417,
          -0.45848239689899184,
          12.75
        ],
        [
          -0.19445709722002488,
          0.4700311683617025,
          0.8609629133181608,
          0.0
        ]
      ]
    },
    {
      "position": [
        -6.5,
        12.75,
        0.0
      ],
      "normal": [
        0.16718215349307758,
        -0.44630760957791094,
        0.8791243627532274
      ],
      "normal_reference": [
        0.16323385997239787,
        -0.4677996422554024,
        0.8686300718166676
      ],
      "transform": [
        [
          0.9859260253961334,
          0.0,
          0.16718215349307758,
          -6.5
        ],
        [
          0.07567978262831997,
          0.8916737565579584,
          -0.44630760957791094,
          12.75
        ],
        [
          -0.1490719388346217,
          0.45267859665088955,
          0.8791243627532274,
          0.0
        ]
      ],
      "transform_reference": [
        [
          0.986587404621867,
          0.0,
          0.16323385997239787,
          -6.5
        ],
        [
          0.07739886090307754,
          0.8804390444753252,
          -0.4677996422554024,
          12.75
        ],
        [
          -0.143717463700117,
          0.4741593497584714,
          0.8686300718166676,
          0.0
        ]
      ]
    },
    {
      "position": [
        -3.9000000000000004,
        12.75,
        0.0
      ],
      "normal": [
        0.10285205640724208,
        -0.4536747384405454,
        0.8852122266404279
      ],
      "normal_reference": [
        0.10085807670914568,
        -0.4746978962584004,
        0.8743509339220614
      ],
      "transform": [
        [
          0.9946966645630222,
          0.0,
          0.10285205640724208,
          -3.9000000000000004
        ],
        [
          0.04691016010305662,
          0.8899318336704268,
          -0.4536747384405454,
          12.75
        ],
        [
          -0.09153131915527112,
          0.4560935555563044,
          0.8852122266404279,
          0.0
        ]
      ],
      "transform_reference": [
        [
          0.9949008233801659,
          0.0,
          0.10085807670914568,
          -3.9000000000000004
        ],
        [
          0.048122501971440516,
          0.8788322548085372,
          -0.4746978962584004,
          12.75
        ],
        [
          -0.08863733096995091,
          0.4771308708395867,
          0.8743509339220614,
          0.0
        ]
      ]
    },
    {
      "position": [
        -1.3,
        12.75,
        0.0
      ],
      "normal": [
        0.03541869730198542,
        -0.457497326631387,
        0.8885053246922971
      ],
      "normal_reference": [
        0.03483247682643668,
        -0.4784001452696248,
        0.8774508530761923
      ],
      "transform": [
        [
          0.9993725611009291,
          0.0,
          0.03541869730198542,
          -1.3
        ],
        [
          0.016214132705999088,
          0.889063157501044,
          -0.4574973266313869,
          12.75
        ],
        [
          -0.03148945885787687,
          0.4577845584707655,
          0.888505324692297,
          0.0
        ]
      ],
      "transform_reference": [
        [
          0.9993931651548033,
          0.0,
          0.03483247682643668,
          -1.3
        ],
        [
          0.016673980326138173,
          0.8779836441449723,
          -0.4784001452696249,
          12.75
        ],
        [
          -0.030582344938670174,
          0.4786906314248427,
          0.8774508530761923,
          0.0
        ]
      ]
    },
    {
      "position": [
        1.3,
        12.75,
        0.0
      ],
      "normal": [
        -0.03310140780985778,
        -0.4575336917304755,
        0.8885759493326879
      ],
      "normal_reference": [
        -0.03250439694745742,
        -0.4784376876965398,
        0.8775197109869786
      ],
      "transform": [
        [
          0.9994519982475424,
          0.0,
          -0.033101407809857784,
          1.3
        ],
        [
          -0.015153313358996496,
          0.889063157501044,
          -0.45753369173047553,
          12.75
        ],
        [
          0.02942924214516188,
          0.45778455847076555,
          0.8885759493326879,
          0.0
        ]
      ],
      "transform_reference": [
        [
          0.9994715924822887,
          0.0,
          -0.03250439694745742,
          1.3
        ],
        [
          -0.015559550298862123,
          0.8779836441449723,
          -0.4784376876965398,
          12.75
        ],
        [
          0.02853832888266338,
          0.4786906314248427,
          0.8775197109869786,
          0.0
        ]
      ]
    },
    {
      "position": [
        3.9000000000000004,
        12.75,
        0.0
      ],
      "normal": [
        -0.10054622652910211,
        -0.45378225029838654,
        0.8854220042696539
      ],
      "normal_reference": [
        -0.09854113349109815,
        -0.4748086646597487,
        0.8745549593789494
      ],
      "transform": [
        [
          0.9949323878187696,
          0.0,
          -0.10054622652910211,
          3.9000000000000004
        ],
        [
          -0.0458584859554278,
          0.8899318336704268,
          -0.45378225029838654,
          12.75
        ],
        [
          0.08947928774368596,
          0.4560935555563044,
          0.8854220042696539,
          0.0
        ]
      ],
      "transform_reference": [
        [
          0.9951329785562779,
          0.0,
          -0.09854113349109815,
          3.9000000000000004
        ],
        [
          -0.04701701683612763,
          0.8788322548085372,
          -0.47480866465974864,
          12.75
        ],
        [
          0.08660112653737086,
          0.4771308708395867,
          0.8745549593789494,
          0.0
        ]
      ]
    },
    {
      "position": [
        6.5,
        12.75,
        0.0
      ],
      "normal": [
        -0.16489805051069767,
        -0.44648170590366837,
        0.8794672928717255
      ],
      "normal_reference": [
        -0.16093769044733847,
        -0.4679784781112581,
        0.8689621417634645
      ],
      "transform": [
        [
          0.9863106168635576,
          0.0,
          -0.1648980505106977,
          6.5
        ],
        [
          -0.07464581809565013,
          0.8916737565579584,
          -0.4464817059036684,
          12.75
        ],
        [
          0.14703526414795778,
          0.45267859665088955,
          0.8794672928717256,
          0.0
        ]
      ],
      "transform_reference": [
        [
          0.9869645686616499,
          0.0,
          -0.16093769044733847,
          6.5
        ],
        [
          -0.07631011065414016,
          0.8804390444753252,
          -0.4679784781112581,
          12.75
        ],
        [
          0.14169582639752035,
          0.47415934975847135,
          0.8689621417634645,
          0.0
        ]
      ]
    },
    {
      "position": [
        9.1,
        12.75,
        0.0
      ],
      "normal": [
        -0.22448040267547603,
        -0.43621718167758516,
        0.8713914844798064
      ],
      "normal_reference": [
        -0.21804234931539704,
        -0.4587218934314864,
        0.8614126527928728
      ],
      "transform": [
        [
          0.9744786035694453,
          0.0,
          -0.22448040267547603,
          9.1
        ],
        [
          -0.10048677132393012,
          0.8942130502280521,
          -0.43621718167758516,
          12.75
        ],
        [
          0.20073330559285882,
          0.44764162094452653,
          0.8713914844798064,
          0.0
        ]
      ],
      "transform_reference": [
        [
          0.9759393085151465,
          0.0,
          -0.21804234931539704,
          9.1
        ],
        [
          -0.10248670020104653,
          0.8826498177468417,
          -0.45872189343148634,
          12.75
        ],
        [
          0.19245503988432838,
          0.4700311683617025,
          0.8614126527928728,
          0.0
        ]
      ]
    },
    {
      "position": [
        11.700000000000001,
        12.75,
        0.0
      ],
      "normal": [
        -0.27779078970499993,
        -0.42410789767934104,
        0.8619540407011745
      ],
      "normal_reference": [
        -0.26902548896618184,
        -0.4479033367758684,
        0.8526475750223828
      ],
      "transform": [
        [
          0.9606415966191931,
          0.0,
          -0.27779078970499993,
          11.700000000000001
        ],
        [
          -0.12264018988048639,
          0.8972691206946152,
          -0.42410789767934104,
          12.75
        ],
        [
          0.24925309761566805,
          0.441484003161963,
          0.8619540407011747,
          0.0
        ]
      ],
      "transform_reference": [
        [
          0.9631330574154886,
          0.0,
          -0.26902548896618184,
          11.700000000000001
        ],
        [
          -0.1251098311473808,
          0.8852853387780218,
          -0.4479033367758684,
          12.75
        ],
        [
          0.23816432113934927,
          0.4650482436744419,
          0.8526475750223828,
          0.0
        ]
      ]
    },
    {
      "position": [
        -13.0,
        15.0,
        0.0
      ],
      "normal": [
        0.2874769597434029,
        -0.4568355761969762,
        0.8418184210015047
      ],
      "normal_reference": [
        0.280270807713182,
        -0.4768893467208962,
        0.833081523818598
      ],
      "transform": [
        [
          0.9577875534880843,
          0.0,
          0.2874769597434029,
          -13.0
        ],
        [
          0.1371177794798586,
          0.8789197749916028,
          -0.45683557619697623,
          15.0
        ],
        [
          -0.25266918477294176,
          0.47696963124365727,
          0.8418184210015048,
          0.0
        ]
      ],
      "transform_reference": [
        [
          0.9599209729679837,
          0.0,
          0.280270807713182,
          -13.0
        ],
        [
          0.13923871460170215,
          0.8678646964476563,
          -0.4768893467208963,
          15.0
        ],
        [
          -0.24323713945914016,
          0.4968006327087532,
          0.8330815238185981,
          0.0
        ]
      ]
    },
    {
      "position": [
        -10.4,
        15.0,
        0.0
      ],
      "normal": [
        0.23987739182191736,
        -0.4693624273370791,
        0.8497986518564026
      ],
      "normal_reference": [
        0.2336793491307073,
        -0.48847968043342893,
