{
  "timestamp": "2023-01-15 15:00",
  "azimuth": 245.64555194582277,
  "elevation": 24.683736125501834,
  "heliostats": [
    {
      "position": [
        -7.800000000000001,
        6.0,
        0.0
      ],
      "normal": [
        0.04663671410452985,
        -0.6468156846183277,
        0.7612190795226144
      ],
      "normal_reference": [
        0.03512489701227841,
        -0.6794150527912294,
        0.7329129741316959
      ],
      "transform": [
        [
          0.9989119164858994,
          0.0,
          0.04663671410452985,
          -7.800000000000001
        ],
        [
          0.03019821634322901,
          0.7620482516621973,
          -0.6468156846183278,
          6.0
        ],
        [
          -0.03553942644662671,
          0.6475202407172987,
          0.7612190795226145,
          0.0
        ]
      ],
      "transform_reference": [
        [
          0.9993829304175036,
          0.0,
          0.03512489701227841,
          -7.800000000000001
        ],
        [
          0.023879118835774003,
          0.7333655116818066,
          -0.6794150527912294,
          6.0
        ],
        [
          -0.025759388070180318,
          0.6798345580181122,
          0.7329129741316959,
          0.0
        ]
      ]
    },
    {
      "position": [
        -5.2,
        6.0,
        0.0
      ],
      "normal": [
        -0.03356170597471014,
        -0.6379567693247141,
        0.7693404788290036
      ],
      "normal_reference": [
        -0.03883489466681501,
        -0.6715983926580894,
        0.7398969184523532
      ],
      "transform": [
        [
          0.9994366472628804,
          0.0,
          -0.03356170597471014,
          -5.2
        ],
        [
          -0.021422986214573295,
          0.7697741331939023,
          -0.6379567693247141,
          6.0
        ],
        [
          0.025834933125191112,
          0.6383163665969848,
          0.7693404788290037,
          0.0
        ]
      ],
      "transform_reference": [
        [
          0.99924564094932,
          0.0,
          -0.03883489466681501,
          -5.2
        ],
        [
          -0.026101142470334755,
          0.7404554877511639,
          -0.6715983926580894,
          6.0
        ],
        [
          0.02875551087228158,
          0.6721054014506846,
          0.7398969184523531,
          0.0
        ]
      ]
    },
    {
      "position": [
        -2.6,
        6.0,
        0.0
      ],
      "normal": [
        -0.1192254495118752,
        -0.6274514786781134,
        0.7694738033834161
      ],
      "normal_reference": [
        -0.11964272812679114,
        -0.6621910278673363,
        0.7397220155020259
      ],
      "transform": [
        [
          0.9928672077315733,
          0.0,
          -0.11922544951187522,
          -2.6
        ],
        [
          -0.07534560917084256,
          0.7750017297292462,
          -0.6274514786781135,
          6.0
        ],
        [
          0.0923999295994502,
          0.6319591117443252,
          0.7694738033834161,
          0.0
        ]
      ],
      "transform_reference": [
        [
          0.9928170111386986,
          0.0,
          -0.11964272812679114,
          -2.6
        ],
        [
          -0.07979954032441937,
          0.7450738728314207,
          -0.6621910278673363,
          6.0
        ],
        [
          0.08914267080154502,
          0.6669819517977889,
          0.7397220155020259,
          0.0
        ]
      ]
    },
    {
      "position": [
        0.0,
        6.0,
        0.0
      ],
      "normal": [
        -0.2070403367241621,
        -0.6160142217532616,
        0.7600399841895615
      ],
      "normal_reference": [
        -0.20349898662030835,
        -0.6512625618923207,
        0.7310576160070823
      ],
      "transform": [
        [
          0.9783324071956042,
          0.0,
          -0.20704033672416214,
          0.0
        ],
        [
          -0.13036447628701328,
          0.7768729509515286,
          -0.6160142217532617,
          6.0
        ],
        [
          0.16084403735689798,
          0.6296573815019275,
          0.7600399841895615,
          0.0
        ]
      ],
      "transform_reference": [
        [
          0.9790751566884472,
          0.0,
          -0.20349898662030838,
          0.0
        ],
        [
          -0.13536373634185275,
          0.7466818160106917,
          -0.6512625618923208,
          6.0
        ],
        [
          0.15194899288598732,
          0.6651813780007492,
          0.7310576160070823,
          0.0
        ]
      ]
    },
    {
      "position": [
        2.6,
        6.0,
        0.0
      ],
      "normal": [
        -0.29274478916083746,
        -0.6042733704596095,
        0.7410493790379695
      ],
      "normal_reference": [
        -0.28555351428243064,
        -0.6392106679275957,
        0.7140510573400972
      ],
      "transform": [
        [
          0.9561906130156146,
          0.0,
          -0.2927447891608375,
          2.6
        ],
        [
          -0.18500273692586264,
          0.7750017297292462,
          -0.6042733704596096,
          6.0
        ],
        [
          0.22687771796887254,
          0.6319591117443252,
          0.7410493790379695,
          0.0
        ]
      ],
      "transform_reference": [
        [
          0.958362765596073,
          0.0,
          -0.28555351428243064,
          2.6
        ],
        [
          -0.19045904029881336,
          0.7450738728314207,
          -0.6392106679275956,
          6.0
        ],
        [
          0.212758462787033,
          0.6669819517977889,
          0.7140510573400971,
          0.0
        ]
      ]
    },
    {
      "position": [
        5.2,
        6.0,
        0.0
      ],
      "normal": [
        -0.37249518697201345,
        -0.5923793702383988,
        0.7143766635316713
      ],
      "normal_reference": [
        -0.3613293269444122,
        -0.6266967942289128,
        0.6904290300915089
      ],
      "transform": [
        [
          0.9280341242016291,
          0.0,
          -0.37249518697201345,
          5.2
        ],
        [
          -0.2377697743228401,
          0.7697741331939023,
          -0.5923793702383988,
          6.0
        ],
        [
          0.28673715967028224,
          0.6383163665969848,
          0.7143766635316713,
          0.0
        ]
      ],
      "transform_reference": [
        [
          0.9324382647070518,
          0.0,
          -0.3613293269444122,
          5.2
        ],
        [
          -0.24285139234187986,
          0.7404554877511639,
          -0.6266967942289128,
          6.0
        ],
        [
          0.2675482830214245,
          0.6721054014506846,
          0.6904290300915089,
          0.0
        ]
      ]
    },
    {
      "position": [
        7.800000000000001,
        6.0,
        0.0
      ],
      "normal": [
        -0.44396446725985306,
        -0.58020688017577,
        0.6828290620699843
      ],
      "normal_reference": [
        -0.4279533426050161,
        -0.6144350363870205,
        0.6628163566277424
      ],
      "transform": [
        [
          0.896044391651817,
          0.0,
          -0.44396446725985306,
          7.800000000000001
        ],
        [
          -0.28747597871002734,
          0.7620482516621973,
          -0.58020688017577,
          6.0
        ],
        [
          0.3383223460755098,
          0.6475202407172987,
          0.6828290620699843,
          0.0
        ]
      ],
      "transform_reference": [
        [
          0.9038008279223878,
          0.0,
          -0.4279533426050161,
          7.800000000000001
        ],
        [
          -0.29093747152225485,
          0.7333655116818066,
          -0.6144350363870204,
          6.0
        ],
        [
          0.31384622207546714,
          0.6798345580181122,
          0.6628163566277424,
          0.0
        ]
      ]
    },
    {
      "position": [
        -9.1,
        8.25,
        0.0
      ],
      "normal": [
        0.06723921211051895,
        -0.6995316813594954,
        0.7114311738524776
      ],
      "normal_reference": [
        0.054671135731601136,
        -0.7237223958496866,
        0.6879222053861952
      ],
      "transform": [
        [
          0.9977368833288447,
          0.0,
          0.06723921211051895,
          -9.1
        ],
        [
          0.047142648414508354,
          0.7130448776022611,
          -0.6995316813594954,
          8.25
        ],
        [
          -0.047944575769417457,
          0.7011183940856042,
          0.7114311738524776,
          0.0
        ]
      ],
      "transform_reference": [
        [
          0.9985044150717697,
          0.0,
          0.054671135731601136,
          -9.1
        ],
        [
          0.039625989367962716,
          0.6889525924998031,
          -0.7237223958496866,
          8.25
        ],
        [
          -0.03766582069719522,
          0.7248064053854658,
          0.6879222053861952,
          0.0
        ]
      ]
    },
    {
      "position": [
        -6.5,
        8.25,
        0.0
      ],
      "normal": [
        -0.00442687147931029,
        -0.6947871874516353,
        0.7192017567845284
      ],
      "normal_reference": [
        -0.011093218810642281,
        -0.7186435705648863,
        0.6952901257620234
      ],
      "transform": [
        [
          0.9999902013564461,
          0.0,
          -0.00442687147931029,
          -6.5
        ],
        [
          -0.0030757637226322306,
          0.7192088040552401,
          -0.6947871874516353,
          8.25
        ],
        [
          0.0031838449423410055,
          0.6947939954903405,
          0.7192017567845284,
          0.0
        ]
      ],
      "transform_reference": [
        [
          0.999938468355138,
          0.0,
          -0.011093218810642283,
          -6.5
        ],
        [
          -0.007972560939925929,
          0.695332910739748,
          -0.7186435705648864,
          8.25
        ],
        [
          0.007713480125076824,
          0.7186877926069077,
          0.6952901257620235,
          0.0
        ]
      ]
    },
    {
      "position": [
        -3.9000000000000004,
        8.25,
        0.0
      ],
      "normal": [
        -0.08131159726420285,
        -0.6877830721150288,
        0.7213479533916743
      ],
      "normal_reference": [
        -0.08367344280050582,
        -0.7116426319851774,
        0.6975410520615399
      ],
      "transform": [
        [
          0.9966887298200698,
          0.0,
          -0.08131159726420285,
          -3.9000000000000004
        ],
        [
          -0.056110537313940924,
          0.7237444668626862,
          -0.6877830721150288,
          8.25
        ],
        [
          0.05884881861173395,
          0.6900680739504227,
          0.7213479533916743,
          0.0
        ]
      ],
      "transform_reference": [
        [
          0.9964932287626999,
          0.0,
          -0.08367344280050582,
          -3.9000000000000004
        ],
        [
          -0.05975513665632048,
          0.6999957771189722,
          -0.7116426319851774,
          8.25
        ],
        [
          0.05857105661735994,
          0.7141469820811442,
          0.6975410520615398,
          0.0
        ]
      ]
    },
    {
      "position": [
        -1.3,
        8.25,
        0.0
      ],
      "normal": [
        -0.1612775498700422,
        -0.6784913941331998,
        0.7166861098103569
      ],
      "normal_reference": [
        -0.1605343637578659,
        -0.702483632830922,
        0.6933581063617327
      ],
      "transform": [
        [
          0.9869090899915332,
          0.0,
          -0.1612775498700422,
          -1.3
        ],
        [
          -0.11087690929531348,
          0.7261926322073956,
          -0.6784913941331998,
          8.25
        ],
        [
          0.11711856845608545,
          0.6874912806193939,
          0.716686109810357,
          0.0
        ]
      ],
      "transform_reference": [
        [
          0.987030251842798,
          0.0,
          -0.1605343637578659,
          -1.3
        ],
        [
          -0.11425461665058202,
          0.7024689517542388,
          -0.7024836328309219,
          8.25
        ],
        [
          0.11277040622952172,
          0.7117143892189485,
          0.6933581063617327,
          0.0
        ]
      ]
    },
    {
      "position": [
        1.3,
        8.25,
        0.0
      ],
      "normal": [
        -0.24131042441924003,
        -0.6671745235460086,
        0.7047321719616344
      ],
      "normal_reference": [
        -0.23798745452272638,
        -0.6912655739400024,
        0.6822857742729159
      ],
      "transform": [
        [
          0.9704479785473337,
          0.0,
          -0.24131042441924003,
          1.3
        ],
        [
          -0.1658988127107928,
          0.7261926322073956,
          -0.6671745235460085,
          8.25
        ],
        [
          0.17523785228809172,
          0.6874912806193939,
          0.7047321719616344,
          0.0
        ]
      ],
      "transform_reference": [
        [
          0.9712682283951191,
          0.0,
          -0.23798745452272638,
          1.3
        ],
        [
          -0.1693790958374145,
          0.7024689517542387,
          -0.6912655739400024,
          8.25
        ],
        [
          0.16717879770923916,
          0.7117143892189486,
          0.6822857742729158,
          0.0
        ]
      ]
    },
    {
      "position": [
        3.9000000000000004,
        8.25,
        0.0
      ],
      "normal": [
        -0.3182077099706886,
        -0.6541990389549921,
        0.6861249672950074
      ],
      "normal_reference": [
        -0.312054194453187,
        -0.6784855547288688,
        0.6650410000506973
      ],
      "transform": [
        [
          0.948021019447992,
          0.0,
          -0.3182077099706886,
          3.9000000000000004
        ],
        [
          -0.2195849815356478,
          0.7237444668626862,
          -0.6541990389549921,
          8.25
        ],
        [
          0.2303010694043323,
          0.6900680739504227,
          0.6861249672950073,
          0.0
        ]
      ],
      "transform_reference": [
        [
          0.950064302941739,
          0.0,
          -0.31205419445318705,
          3.9000000000000004
        ],
        [
          -0.22285256121450608,
          0.6999957771189722,
          -0.678485554728869,
          8.25
        ],
        [
          0.21843661834949354,
          0.7141469820811442,
          0.6650410000506972,
          0.0
        ]
      ]
    },
    {
      "position": [
        6.5,
        8.25,
        0.0
      ],
      "normal": [
        -0.3893976553997331,
        -0.6399537247894754,
        0.6624414661668356
      ],
      "normal_reference": [
        -0.3795377448494552,
        -0.6649128794757087,
        0.6433054973664624
      ],
      "transform": [
        [
          0.9210697400138551,
          0.0,
          -0.38939765539973314,
          6.5
        ],
        [
          -0.27055115282975134,
          0.7192088040552401,
          -0.6399537247894755,
          8.25
        ],
        [
          0.2800582220419566,
          0.6947939954903405,
          0.6624414661668356,
          0.0
        ]
      ],
      "transform_reference": [
        [
          0.9251762536050036,
          0.0,
          -0.37953774484945524,
          6.5
        ],
        [
          -0.2727691440568588,
          0.695332910739748,
          -0.6649128794757088,
          8.25
        ],
        [
          0.2639050848617715,
          0.7186877926069078,
          0.6433054973664624,
          0.0
        ]
      ]
    },
    {
      "position": [
        9.1,
        8.25,
        0.0
      ],
      "normal": [
        -0.45341912243875315,
        -0.6249050191094367,
        0.6355350631544301
      ],
      "normal_reference": [
        -0.43866938402663647,
        -0.6513462071235154,
        0.61912623105753
      ],
      "transform": [
        [
          0.8912974247729379,
          0.0,
          -0.45341912243875315,
          9.1
        ],
        [
          -0.3179004869719625,
          0.7130448776022612,
          -0.6249050191094367,
          8.25
        ],
        [
          0.32330818266186545,
          0.7011183940856041,
          0.6355350631544302,
          0.0
        ]
      ],
      "transform_reference": [
        [
          0.8986485250183697,
          0.0,
          -0.43866938402663647,
          9.1
        ],
        [
          -0.3179503793890029,
          0.688952592499803,
          -0.6513462071235154,
          8.25
        ],
        [
          0.30222240937544287,
          0.7248064053854659,
          0.6191262310575298,
          0.0
        ]
      ]
    },
    {
      "position": [
        -10.4,
        10.5,
        0.0
      ],
      "normal": [
        0.08101591213447278,
        -0.7394355039572641,
        0.6683349141474553
      ],
      "normal_reference": [
        0.0682443810473661,
        -0.7594551821009454,
        0.6469702704417581
      ],
      "transform": [
        [
          0.996712808175464,
          0.0,
          0.08101591213447278,
          -10.4
        ],
        [
          0.06010361392603402,
          0.670539104810821,
          -0.739435503957264,
          10.5
        ],
        [
          -0.05432433719808151,
          0.7418741867186799,
          0.6683349141474553,
          0.0
        ]
      ],
      "transform_reference": [
        [
          0.9976686345954061,
          0.0,
          0.06824438104736612,
          -10.4
        ],
        [
          0.051949662481583635,
          0.6484821192200054,
          -0.7594551821009454,
          10.5
        ],
        [
          -0.04425526084645355,
          0.7612298871247309,
          0.6469702704417581,
          0.0
        ]
      ]
    },
    {
      "position": [
        -7.800000000000001,
        10.5,
        0.0
      ],
      "normal": [
        0.017459745313386354,
        -0.7370837445962917,
        0.675575836413278
      ],
      "normal_reference": [
        0.009612675696652227,
        -0.7565758284849984,
        0.6538353097058839
      ],
      "transform": [
        [
          0.9998475670288905,
          0.0,
          0.017459745313386357,
          -7.800000000000001
        ],
        [
          0.012871256459152353,
          0.6756788321451778,
          -0.7370837445962918,
          10.5
        ],
        [
          -0.011797180322901136,
          0.7371961175907865,
          0.6755758364132781,
          0.0
        ]
      ],
      "transform_reference": [
        [
          0.9999537971656245,
          0.0,
          0.009612675696652228,
          -7.800000000000001
        ],
        [
          0.0072730541148669425,
          0.6538655201462151,
          -0.7565758284849985,
          10.5
        ],
        [
          -0.00628539719438839,
          0.7566107860478329,
          0.653835309705884,
          0.0
        ]
      ]
    },
    {
      "position": [
        -5.2,
        10.5,
        0.0
      ],
      "normal": [
        -0.051474060952982036,
        -0.7325327208910083,
        0.678782906291124
      ],
      "normal_reference": [
        -0.05531903240471543,
        -0.7517789186236585,
        0.6570907564156178
      ],
      "transform": [
        [
          0.9986743318264512,
          0.0,
          -0.051474060952982036,
          -5.2
        ],
        [
          -0.03775648649769256,
          0.6796839416606557,
          -0.7325327208910083,
          10.5
        ],
        [
          0.034986092641803676,
          0.7335051052641927,
          0.6787829062911239,
          0.0
        ]
      ],
      "transform_reference": [
        [
          0.9984687299328938,
          0.0,
          -0.05531903240471543,
          -5.2
        ],
        [
          -0.04165146199753213,
          0.6580984829237269,
          -0.7517789186236585,
          10.5
        ],
        [
          0.03640537130235171,
          0.752931860644434,
          0.6570907564156178,
          0.0
        ]
      ]
    },
    {
      "position": [
        -2.6,
        10.5,
        0.0
      ],
      "normal": [
        -0.12404055935663529,
        -0.7254221013948836,
        0.6770352387005599
      ],
      "normal_reference": [
        -0.12492226199254161,
        -0.7446654438532562,
        0.6556430470839294
      ],
      "transform": [
        [
          0.9922771486003762,
          0.0,
          -0.1240405593566353,
          -2.6
        ],
        [
          -0.09068208751315898,
          0.6823045755467912,
          -0.7254221013948836,
          10.5
        ],
        [
          0.08463344120241562,
          0.7310680311625677,
          0.6770352387005599,
          0.0
        ]
      ],
      "transform_reference": [
        [
          0.9921665326237661,
          0.0,
          -0.1249222619925416,
          -2.6
        ],
        [
          -0.09375975566100288,
          0.6608195555136227,
          -0.7446654438532562,
          10.5
        ],
        [
          0.08255107364366766,
          0.7505448121536635,
          0.6556430470839294,
          0.0
        ]
      ]
    },
    {
      "position": [
        0.0,
        10.5,
        0.0
      ],
      "normal": [
        -0.19797423419613272,
        -0.715754172690966,
        0.669703043796223
      ],
      "normal_reference": [
        -0.1965681877029043,
        -0.7350889371084165,
        0.6488491366442698
      ],
      "transform": [
        [
          0.9802072243125199,
          0.0,
          -0.19797423419613272,
          0.0
        ],
        [
          -0.1445621708313404,
          0.6832259824099207,
          -0.7157541726909659,
          10.5
        ],
        [
          0.13526114065050449,
          0.7302069959675809,
          0.6697030437962229,
          0.0
        ]
      ],
      "transform_reference": [
        [
          0.9804901568007686,
          0.0,
          -0.1965681877029043,
          0.0
        ],
        [
          -0.1473702710482349,
          0.6617599698923986,
          -0.7350889371084165,
          10.5
        ],
        [
          0.1300809579760773,
          0.7497157743091789,
          0.6488491366442698,
          0.0
        ]
      ]
    },
    {
      "position": [
        2.6,
        10.5,
        0.0
      ],
      "normal": [
        -0.27067002900371223,
        -0.7037788588010794,
        0.6568356364447501
      ],
      "normal_reference": [
        -0.2670661669699155,
        -0.7232836694306741,
        0.636817396115163
      ],
      "transform": [
        [
          0.9626721848059855,
          0.0,
          -0.2706700290037123,
          2.6
        ],
        [
          -0.19787820519845903,
          0.6823045755467912,
          -0.7037788588010793,
          10.5
        ],
        [
          0.1846793992526156,
          0.7310680311625677,
          0.6568356364447501,
          0.0
        ]
      ],
      "transform_reference": [
        [
          0.9636781944508225,
          0.0,
          -0.26706616696991553,
          2.6
        ],
        [
          -0.20044512612103418,
          0.6608195555136227,
          -0.7232836694306742,
          10.5
        ],
        [
          0.17648254574978653,
          0.7505448121536635,
          0.636817396115163,
          0.0
        ]
      ]
    },
    {
      "position": [
        5.2,
        10.5,
        0.0
      ],
      "normal": [
        -0.33968555595246763,
        -0.6898902020901196,
        0.6392692954751673
      ],
      "normal_reference": [
        -0.33340888362013305,
        -0.709850851738505,
        0.6204436192026601
      ],
      "transform": [
        [
          0.9405390598360405,
          0.0,
          -0.3396855559524677,
          5.2
        ],
        [
          -0.2491610894756406,
          0.6796839416606557,
          -0.6898902020901196,
          10.5
        ],
        [
          0.23087881759496445,
          0.7335051052641927,
          0.6392692954751673,
          0.0
        ]
      ],
      "transform_reference": [
        [
          0.9427823271164859,
          0.0,
          -0.3334088836201331,
          5.2
        ],
        [
          -0.25103417109949033,
          0.6580984829237269,
          -0.7098508517385052,
          10.5
        ],
        [
          0.219415880503703,
          0.752931860644434,
          0.6204436192026602,
          0.0
        ]
      ]
    },
    {
      "position": [
        7.800000000000001,
        10.5,
        0.0
      ],
      "normal": [
        -0.40317729795149176,
        -0.6746243015541954,
        0.6183284872695481
      ],
      "normal_reference": [
        -0.39344170635643666,
        -0.6955897974527208,
        0.6011309818824997
      ],
      "transform": [
        [
          0.9151218860985317,
          0.0,
          -0.4031772979514918,
          7.800000000000001
        ],
        [
          -0.2972207387505835,
          0.6756788321451778,
          -0.6746243015541955,
          10.5
        ],
        [
          0.2724183658273124,
          0.7371961175907865,
          0.6183284872695483,
          0.0
        ]
      ],
      "transform_reference": [
        [
          0.9193495655621617,
          0.0,
          -0.3934417063564367,
          7.800000000000001
        ],
        [
          -0.2976822387103442,
          0.6538655201462151,
          -0.6955897974527209,
          10.5
        ],
        [
          0.25725796597396594,
          0.7566107860478328,
          0.6011309818824998,
          0.0
        ]
      ]
    },
    {
      "position": [
        10.4,
        10.5,
        0.0
      ],
      "normal": [
        -0.45995199022304395,
        -0.6587425739209859,
        0.5954010312334161
      ],
      "normal_reference": [
        -0.4461295235805182,
        -0.6812766988716549,
        0.580371008721456
      ],
      "transform": [
        [
          0.8879437857712958,
          0.0,
          -0.45995199022304395,
          10.4
        ],
        [
          -0.34122650867635895,
          0.670539104810821,
          -0.6587425739209858,
          10.5
        ],
        [
          0.3084157957801154,
          0.7418741867186799,
          0.5954010312334161,
          0.0
        ]
      ],
      "transform_reference": [
        [
          0.8949684062523212,
          0.0,
          -0.4461295235805182,
          10.4
        ],
        [
          -0.3396071268782079,
          0.6484821192200054,
          -0.6812766988716549,
          10.5
        ],
        [
          0.28930701889810584,
          0.7612298871247309,
          0.580371008721456,
          0.0
        ]
      ]
    },
    {
      "position": [
        -11.700000000000001,
        12.75,
        0.0
      ],
      "normal": [
        0.08856416081912245,
        -0.7719685026887023,
        0.6294608965416102
      ],
      "normal_reference": [
        0.07753080765893974,
        -0.7881447847293254,
        0.6105872355099784
      ],
      "transform": [
        [
          0.9960704741223909,
          0.0,
          0.08856416081912245,
          -11.700000000000001
        ],
        [
          0.06863845922112803,
          0.6319441373826586,
          -0.7719685026887023,
          12.75
        ],
        [
          -0.055967602211859396,
          0.7750139400215247,
          0.6294608965416101,
          0.0
        ]
      ],
      "transform_reference": [
        [
          0.9969899567516979,
          0.0,
          0.07753080765893976,
          -11.700000000000001
        ],
        [
          0.06128998722447937,
          0.612430678338364,
          -0.7881447847293254,
          12.75
        ],
        [
          -0.047482245126685696,
          0.7905242970522863,
          0.6105872355099785,
          0.0
        ]
      ]
    },
    {
      "position": [
        -9.1,
        12.75,
        0.0
      ],
      "normal": [
        0.032839522114135246,
        -0.7712240272632653,
        0.6357161831817287
      ],
      "normal_reference": [
        0.024950061036575967,
        -0.7869000351679721,
        0.616575890792784
      ],
      "transform": [
        [
          0.9994606374376708,
          0.0,
          0.032839522114135246,
          -9.1
        ],
        [
          0.025340296105301984,
          0.6360592497284555,
          -0.7712240272632654,
          12.75
        ],
        [
          -0.02088788179735789,
          0.7716402211101197,
          0.6357161831817287,
          0.0
        ]
      ],
      "transform_reference": [
        [
          0.9996886987729086,
          0.0,
          0.02495006103657597,
          -9.1
        ],
        [
          0.01963931765080862,
          0.6167678913942056,
          -0.7869000351679721,
          12.75
        ],
        [
          -0.015388396535685689,
          0.7871450743955305,
          0.616575890792784,
          0.0
        ]
      ]
    },
    {
      "position": [
        -6.5,
        12.75,
        0.0
      ],
      "normal": [
        -0.02859362214383297,
        -0.7685377825616047,
        0.6391651441904411
      ],
      "normal_reference": [
        -0.03323722773112278,
        -0.7838919132954753,
        0.6200070604135961
      ],
      "transform": [
        [
          0.9995911187944277,
          0.0,
          -0.02859362214383297,
          -6.5
        ],
        [
          -0.021984267911793184,
          0.639426593706951,
          -0.7685377825616047,
          12.75
        ],
        [
          0.01828352240917476,
          0.7688521517563216,
          0.6391651441904411,
          0.0
        ]
      ],
      "transform_reference": [
        [
          0.9994474907131187,
          0.0,
          -0.03323722773112278,
          -6.5
        ],
        [
          -0.026068797291388585,
          0.6203498094444292,
          -0.7838919132954753,
          12.75
        ],
        [
          0.020618707889463114,
          0.7843252602857187,
          0.6200070604135961,
          0.0
        ]
      ]
    },
    {
      "position": [
        -3.9000000000000004,
        12.75,
        0.0
      ],
      "normal": [
        -0.09400378357146032,
        -0.7633738761091656,
        0.6390802875604272
      ],
      "normal_reference": [
        -0.09599702107521418,
        -0.7786712355016998,
        0.6200449007506966
      ],
      "transform": [
        [
          0.9955718400367951,
          0.0,
          -0.09400378357146032,
          -3.9000000000000004
        ],
        [
          -0.07207921090980295,
          0.6419228245113959,
          -0.7633738761091655,
          12.75
        ],
        [
          0.06034317426494976,
          0.7667692530163892,
          0.6390802875604271,
          0.0
        ]
      ],
      "transform_reference": [
        [
          0.9953816212612552,
          0.0,
          -0.09599702107521418,
          -3.9000000000000004
        ],
        [
          -0.07509694513989854,
          0.6229217894992207,
          -0.7786712355016998,
          12.75
        ],
        [
          0.05979863615476683,
          0.7822841198484657,
          0.6200449007506966,
          0.0
        ]
      ]
    },
    {
      "position": [
        -1.3,
        12.75,
        0.0
      ],
      "normal": [
        -0.16157305499896168,
        -0.7555719518969211,
        0.634826884595304
      ],
      "normal_reference": [
        -0.16151609487901225,
        -0.7709516770198095,
        0.6160730985811482
      ],
      "transform": [
        [
          0.9868607540571783,
          0.0,
          -0.16157305499896168,
          -1.3
        ],
        [
          -0.1237054650695338,
          0.6432790867256662,
          -0.7555719518969211,
          12.75
        ],
        [
          0.10393656725920791,
          0.7656317761048014,
          0.634826884595304,
          0.0
        ]
      ],
      "transform_reference": [
        [
          0.9868700781232724,
          0.0,
          -0.16151609487901228,
          -1.3
        ],
        [
          -0.12617780898724434,
          0.6242697111181367,
          -0.7709516770198095,
          12.75
        ],
        [
          0.10082960589105056,
          0.781208888697817,
          0.6160730985811482,
          0.0
        ]
      ]
    },
    {
      "position": [
        1.3,
        12.75,
        0.0
      ],
      "normal": [
        -0.22921968895753303,
        -0.7452466112288952,
        0.6261515971760031
      ],
      "normal_reference": [
        -0.22739111894537237,
        -0.7607439590349799,
        0.6079160368147531
      ],
      "transform": [
        [
          0.9733747141744601,
          0.0,
          -0.22921968895753303,
          1.3
        ],
        [
          -0.17549787757474614,
          0.6432790867256662,
          -0.7452466112288952,
          12.75
        ],
        [
          0.14745223217214312,
          0.7656317761048014,
          0.6261515971760031,
          0.0
        ]
      ],
      "transform_reference": [
        [
          0.9738035115077227,
          0.0,
          -0.22739111894537237,
          1.3
        ],
        [
          -0.17763996333106746,
          0.6242697111181367,
          -0.7607439590349799,
          12.75
        ],
        [
          0.14195338813485747,
          0.781208888697817,
          0.6079160368147531,
          0.0
        ]
      ]
    },
    {
      "position": [
        3.9000000000000004,
        12.75,
        0.0
      ],
      "normal": [
        -0.294823132690263,
        -0.7326877711783929,
        0.6133905366048114
      ],
      "normal_reference": [
        -0.29107688467310444,
        -0.7484109546570621,
        0.5959490667484136
      ],
      "transform": [
        [
          0.9555518407866208,
          0.0,
          -0.294823132690263,
          3.9000000000000004
        ],
        [
          -0.22606131322486475,
          0.6419228245113959,
          -0.7326877711783929,
          12.75
        ],
        [
          0.18925369806783168,
          0.7667692530163892,
          0.6133905366048114,
          0.0
        ]
      ],
      "transform_reference": [
        [
          0.9566996640581621,
          0.0,
          -0.2910768846731045,
          3.9000000000000004
        ],
        [
          -0.2277048245347329,
          0.6229217894992207,
          -0.7484109546570621,
          12.75
        ],
        [
          0.18131813388242854,
          0.7822841198484657,
          0.5959490667484136,
          0.0
        ]
      ]
    },
    {
      "position": [
        6.5,
        12.75,
        0.0
      ],
      "normal": [
        -0.3565274993223726,
        -0.7183269013469342,
        0.59740656594002
      ],
      "normal_reference": [
        -0.3504157529407985,
        -0.7345945335015421,
        0.581016068143201
      ],
      "transform": [
        [
          0.9342848292822353,
          0.0,
          -0.35652749932237265,
          6.5
        ],
        [
          -0.27411693501430673,
          0.639426593706951,
          -0.7183269013469342,
          12.75
        ],
        [
          0.22797316445456203,
          0.7688521517563216,
          0.59740656594002,
          0.0
        ]
      ],
      "transform_reference": [
        [
          0.9365942558498495,
          0.0,
          -0.3504157529407986,
          6.5
        ],
        [
          -0.2748399266335079,
          0.6203498094444292,
          -0.7345945335015421,
          12.75
        ],
        [
          0.21738034556315058,
          0.7843252602857187,
          0.5810160681432011,
          0.0
        ]
      ]
    },
    {
      "position": [
        9.1,
        12.75,
        0.0
      ],
      "normal": [
        -0.4129024764003798,
        -0.7027908106190717,
        0.5793070183346841
      ],
      "normal_reference": [
        -0.4040004315383093,
        -0.7200478790072306,
        0.5641938525489697
      ],
      "transform": [
        [
          0.9107752439446484,
          0.0,
          -0.4129024764003798,
          9.1
        ],
        [
          -0.318612158186505,
          0.6360592497284555,
          -0.7027908106190717,
          12.75
        ],
        [
          0.2626304393502469,
          0.7716402211101197,
          0.5793070183346841,
          0.0
        ]
      ],
      "transform_reference": [
        [
          0.9147587940636919,
          0.0,
          -0.4040004315383093,
          9.1
        ],
        [
          -0.31800694973904886,
          0.6167678913942056,
          -0.7200478790072306,
          12.75
        ],
        [
          0.24917449428223215,
          0.7871450743955305,
          0.5641938525489696,
          0.0
        ]
      ]
    },
    {
      "position": [
        11.700000000000001,
        12.75,
        0.0
      ],
      "normal": [
        -0.46271374486891986,
        -0.6870558639682605,
        0.5602233751783368
      ],
      "normal_reference": [
        -0.4512451946543027,
        -0.705463889023842,
        0.5465331422564936
      ],
      "transform": [
        [
          0.8865077497176097,
          0.0,
          -0.46271374486891986,
          11.700000000000001
        ],
        [
          -0.35860960251297613,
          0.6319441373826586,
          -0.6870558639682603,
          12.75
        ],
        [
          0.2924092383562892,
          0.7750139400215247,
          0.5602233751783368,
          0.0
        ]
      ],
      "transform_reference": [
        [
          0.8924000080128869,
          0.0,
          -0.4512451946543027,
          11.700000000000001
        ],
        [
          -0.3567202903023148,
          0.6124306783383638,
          -0.7054638890238422,
          12.75
        ],
        [
          0.27635640065906164,
          0.7905242970522864,
          0.5465331422564936,
          0.0
        ]
      ]
    },
    {
      "position": [
        -13.0,
        15.0,
        0.0
      ],
      "normal": [
        0.09308761403427532,
        -0.7980100239891631,
        0.595411368489233
      ],
      "normal_reference": [
        0.0838163764110462,
        -0.8112447505659399,
        0.5786680997986043
      ],
      "transform": [
        [
          0.9956579212326921,
          0.0,
          0.09308761403427532,
          -13.0
        ],
        [
          0.07460880642280865,
          0.5980079661818722,
          -0.798010023989163,
          15.0
        ],
        [
          -0.05566713474536009,
          0.8014901573837452,
          0.5954113684892329,
          0.0
        ]
      ],
      "transform_reference": [
        [
          0.9964812166043682,
          0.0,
          0.08381637641104621,
          -13.0
        ],
        [
          0.0682357020302133,
          0.5807114977746263,
          -0.8112447505659399,
          15.0
        ],
        [
          -0.0486731334837005,
          0.8141094252938914,
          0.5786680997986045,
          0.0
        ]
      ]
    },
    {
      "position": [
        -10.4,
        15.0,
        0.0
      ],
      "normal": [
        0.043992346147895635,
        -0.798409292043884,
        0.6005058499784891
      ],
      "normal_reference": [
        0.03632673905555322,
        -0.811159166081135,
        0.5836961326856185
      ],
      "transform": [
        [
